              precision    recall  f1-score   support

           1     0.2642    0.1458    0.1879        96
          10     0.0000    0.0000    0.0000        15
          11     0.4167    0.1163    0.1818       129
          12     0.0000    0.0000    0.0000        18
          13     0.0000    0.0000    0.0000         8
          14     0.0000    0.0000    0.0000         3
          15     0.0000    0.0000    0.0000         6
          16     0.0000    0.0000    0.0000         9
          17     0.1429    0.1250    0.1333         8
          18     0.3750    0.2857    0.3243        21
          19     0.0000    0.0000    0.0000        14
           2     0.1778    0.1818    0.1798        88
          20     0.7596    0.9712    0.8525      2085
          21     0.0000    0.0000    0.0000        31
          22     0.4839    0.0670    0.1176       224
          23     0.0000    0.0000    0.0000       150
          24     0.0000    0.0000    0.0000        49
          25     0.0000    0.0000    0.0000         3
          26     0.0000    0.0000    0.0000        20
          27     0.0000    0.0000    0.0000         2
          28     0.0000    0.0000    0.0000         6
          29     0.0000    0.0000    0.0000        75
           3     0.5881    0.8697    0.7017       284
          30     0.0000    0.0000    0.0000        13
           4     0.4694    0.4741    0.4717       405
           5     0.1010    0.2083    0.1361        96
           6     0.0000    0.0000    0.0000        76
           7     1.0000    0.1176    0.2105        17
           8     0.0000    0.0000    0.0000        71
           9     0.4821    0.7500    0.5870       144

    accuracy                         0.6387      4166
   macro avg     0.1754    0.1438    0.1361      4166
weighted avg     0.5399    0.6387    0.5666      4166

best_epoch:193
best_acc:0.6387421987518003