              precision    recall  f1-score   support

           1     0.6263    0.6458    0.6359        96
          10     0.0000    0.0000    0.0000        15
          11     0.9385    0.4729    0.6289       129
          12     0.0000    0.0000    0.0000        18
          13     0.0000    0.0000    0.0000         8
          14     0.0000    0.0000    0.0000         3
          15     0.0000    0.0000    0.0000         6
          16     0.0000    0.0000    0.0000         9
          17     0.1176    0.2500    0.1600         8
          18     0.2453    0.6190    0.3514        21
          19     0.0000    0.0000    0.0000        14
           2     0.3750    0.2727    0.3158        88
          20     0.8326    0.9851    0.9025      2085
          21     0.0000    0.0000    0.0000        31
          22     0.8286    0.6473    0.7268       224
          23     0.7143    0.1333    0.2247       150
          24     0.1333    0.0408    0.0625        49
          25     0.0000    0.0000    0.0000         3
          26     0.0000    0.0000    0.0000        20
          27     0.0000    0.0000    0.0000         2
          28     0.0000    0.0000    0.0000         6
          29     0.1429    0.0267    0.0449        75
           3     0.6388    0.9155    0.7525       284
          30     0.0000    0.0000    0.0000        13
           4     0.0000    0.0000    0.0000       405
           5     0.1355    0.7083    0.2274        96
           6     0.9091    0.1316    0.2299        76
           7     0.0000    0.0000    0.0000        17
           8     0.5818    0.4507    0.5079        71
           9     0.7006    0.8125    0.7524       144

    accuracy                         0.6894      4166
   macro avg     0.2640    0.2371    0.2175      4166
weighted avg     0.6414    0.6894    0.6387      4166

best_epoch:295
best_acc:0.6893903024483917