              precision    recall  f1-score   support

           1     0.5443    0.4479    0.4914        96
          10     0.0000    0.0000    0.0000        15
          11     0.8571    0.6512    0.7401       129
          12     0.0345    0.1667    0.0571        18
          13     0.0000    0.0000    0.0000         8
          14     0.0000    0.0000    0.0000         3
          15     0.0000    0.0000    0.0000         6
          16     0.0952    0.4444    0.1569         9
          17     0.0833    0.1250    0.1000         8
          18     0.1351    0.4762    0.2105        21
          19     0.0000    0.0000    0.0000        14
           2     0.1667    0.4432    0.2422        88
          20     0.8132    0.7789    0.7957      2085
          21     0.0000    0.0000    0.0000        31
          22     0.2922    0.6562    0.4044       224
          23     0.4615    0.0400    0.0736       150
          24     0.2800    0.1429    0.1892        49
          25     0.0000    0.0000    0.0000         3
          26     0.0000    0.0000    0.0000        20
          27     0.0000    0.0000    0.0000         2
          28     0.0000    0.0000    0.0000         6
          29     0.0000    0.0000    0.0000        75
           3     0.6077    0.8944    0.7236       284
          30     0.1667    0.0769    0.1053        13
           4     0.0000    0.0000    0.0000       405
           5     0.1877    0.6354    0.2898        96
           6     0.5957    0.3684    0.4553        76
           7     0.0000    0.0000    0.0000        17
           8     0.6364    0.3944    0.4870        71
           9     0.6104    0.6528    0.6309       144

    accuracy                         0.5843      4166
   macro avg     0.2189    0.2465    0.2051      4166
weighted avg     0.5755    0.5843    0.5608      4166

best_epoch:293
best_acc:0.5842534805568891