              precision    recall  f1-score   support

           1     0.7083    0.5312    0.6071        96
          10     0.0000    0.0000    0.0000        15
          11     0.6800    0.1318    0.2208       129
          12     0.1667    0.3889    0.2333        18
          13     0.0000    0.0000    0.0000         8
          14     0.0000    0.0000    0.0000         3
          15     0.0000    0.0000    0.0000         6
          16     0.2500    0.3333    0.2857         9
          17     0.0000    0.0000    0.0000         8
          18     0.2727    0.2857    0.2791        21
          19     1.0000    0.5000    0.6667        14
           2     0.3125    0.2273    0.2632        88
          20     0.8317    0.9904    0.9041      2085
          21     0.0000    0.0000    0.0000        31
          22     0.8514    0.5625    0.6774       224
          23     0.7857    0.0733    0.1341       150
          24     0.0000    0.0000    0.0000        49
          25     0.0000    0.0000    0.0000         3
          26     0.1875    0.1500    0.1667        20
          27     0.0000    0.0000    0.0000         2
          28     0.0000    0.0000    0.0000         6
          29     0.0000    0.0000    0.0000        75
           3     0.6238    0.9049    0.7385       284
          30     0.6667    0.1538    0.2500        13
           4     0.8176    0.8963    0.8551       405
           5     0.3394    0.5833    0.4291        96
           6     0.0000    0.0000    0.0000        76
           7     0.0000    0.0000    0.0000        17
           8     0.6383    0.4225    0.5085        71
           9     0.5886    0.7153    0.6458       144

    accuracy                         0.7506      4166
   macro avg     0.3240    0.2617    0.2622      4166
weighted avg     0.7043    0.7506    0.7013      4166

best_epoch:383
best_acc:0.7506000960153625