              precision    recall  f1-score   support

           1     0.6129    0.5938    0.6032        96
          10     0.5000    0.1333    0.2105        15
          11     0.8200    0.3178    0.4581       129
          12     0.4667    0.3889    0.4242        18
          13     0.0000    0.0000    0.0000         8
          14     0.0000    0.0000    0.0000         3
          15     0.0000    0.0000    0.0000         6
          16     0.3077    0.4444    0.3636         9
          17     0.0000    0.0000    0.0000         8
          18     0.2727    0.4286    0.3333        21
          19     0.6316    0.8571    0.7273        14
           2     0.2347    0.2614    0.2473        88
          20     0.8887    0.9650    0.9253      2085
          21     0.5000    0.0323    0.0606        31
          22     0.7892    0.6518    0.7139       224
          23     0.3012    0.1667    0.2146       150
          24     0.1154    0.0612    0.0800        49
          25     0.0000    0.0000    0.0000         3
          26     0.1579    0.1500    0.1538        20
          27     0.0000    0.0000    0.0000         2
          28     0.1250    0.1667    0.1429         6
          29     0.6364    0.0933    0.1628        75
           3     0.6849    0.8803    0.7704       284
          30     0.3333    0.2308    0.2727        13
           4     0.7815    0.9185    0.8445       405
           5     0.3803    0.5625    0.4538        96
           6     0.0000    0.0000    0.0000        76
           7     0.3333    0.0588    0.1000        17
           8     0.6970    0.3239    0.4423        71
           9     0.5314    0.7639    0.6268       144

    accuracy                         0.7600      4166
   macro avg     0.3701    0.3150    0.3111      4166
weighted avg     0.7321    0.7600    0.7308      4166

best_epoch:199
best_acc:0.7599615938550168